0.22469
0.2146
0.049879
0.051711
0.034477
0.048328
0.078994
0.052194
0.084523
0.056186
0.076618
0.085753
0.07322
0.07533
0.075911
0.059686
0.1157
0.13055
0.10054
0.13428
0.10459
0.11703
0.087968
0.12133
0.084241
0.10276
0.2677
0.11291
0.093277
0.094519
0.069367
0.085243
0.13378
0.11082
0.069354
0.14177
0.2207
0.10265
0.11572
0.088212
0.11275
0.16617
0.059569
0.14389
0.24747
0.12178
0.091516
0.14145
0.07813
0.099964
0.061879
0.04637
0.06712
0.061966
0.07434
0.076243
0.040038
0.0724
0.068118
0.043337
0.086362
0.11248
0.076115
0.07375
0.1088
0.086899
0.066855
0.088321
0.078438
0.089085
0.067489
0.13136
0.092286
0.12396
0.065187
0.063336
0.050414
0.068116
0.10119
0.13266
0.057697
0.067555
0.11503
0.080857
0.055629
0.14214
0.26811
0.15074
0.124
0.087904
0.099395
0.10688
0.1285
0.081629
0.092626
0.22164
0.11485
0.10125
0.095517
0.12321
0.11442
0.1427
0.16417
0.10217
0.076651
0.11603
0.072212
0.056476
0.069814
0.052657
0.063269
0.082633
0.062624
0.14947
0.083621
0.10562
0.10191
0.10672
0.099697
0.17231
0.13042
0.057302
0.067023
0.042814
0.065519
0.053416
0.083656
0.057166
0.075734
0.068545
0.13087
0.065019
0.089972
0.13669
0.078175
0.081908
0.10303
0.11124
0.10802
0.11634
0.1421
0.13839
0.047168
0.08473
0.13963
0.16378
0.15932
0.087784
0.13133
0.086428
0.069127
0.11244
0.11387
0.13695
0.24555
0.14664
0.11888
0.12404
0.13363
0.072006
0.062032
0.15554
0.097979
0.088248
0.099989
0.091299
0.13071
0.15726
0.17569
0.1274
0.14223
0.083215
0.1635
0.067587
0.12898
0.11283
0.2241
0.12697
0.097682
0.065587
0.056998
0.068118
0.055743
0.073261
0.063655
0.11932
0.11822
0.114
0.079506
0.14628
0.085451
0.14495
0.083933
0.11962
0.095501
0.05653
0.090618
0.13616
0.1204
0.13303
0.072018
0.10288
0.091386
0.21225
0.078638
0.07341
0.076827
0.053889
0.065532
0.079316
0.043662
0.095807
0.095738
0.11081
0.087096
0.090585
0.057716
0.10318
0.10863
0.1649
0.092236
0.057623
0.047736
0.046829
0.045853
0.1555
0.053406
0.093018
0.04821
0.057019
0.053469
0.052696
0.1195
0.044117
0.10233
0.11739
0.062159
0.063946
0.097943
0.09098
0.098883
0.097517
0.045008
0.056294
0.043856
0.043284
0.040261
0.03907
0.067404
0.060016
0.13
0.092171
0.086064
0.078325
0.13124
0.13437
0.097774
0.14594
0.079634
0.16559
0.073314
0.090531
0.12772
0.10379
